__tagless


01_ope
011 000 003 002 005 004 006 

02_sel
025 062 015 024 151 156 155 026 038 027 018 021 032 028 183 031 030 035 022 019 017 014 029 020 043 040 034 157 037 023 039 036 033 042 041 001 

03_rep
056 013 055 044 045 058 048 050 046 057 049 016 047 051 160 063 064 052 053 054 059 065 066 158 161 

04_vet
060 061 078 091 101 068 090 067 072 075 083 082 080 073 010 070 086 085 008 100 079 081 139 077 162 071 074 076 088 069 087 084 

05_str
173 092 104 177 176 174 095 096 126 109 097 093 180 089 111 125 110 181 106 094 127 118 124 113 099 120 117 108 178 098 119 114 102 115 121 122 152 179 112 116 175 103 123 107 105 

06_mat
130 012 134 133 128 150 129 159 135 131 153 154 132 007 

07_dic
148 149 182 

07_rec
145 141 140 146 

09_alo
142 

10_ptr
147 143 144 

11_cla
184 

